80233396 93
1476 94
1680 95
1684 96
740 97
724 98
732 99
1736 0
756 1
784 2
1780 3
728 4
812 5
808 6
784 7
788 8
748 9
23500 10
1636 11
1632 12
1680 13
736 14
728 15
732 16
1732 17
708 18
732 19
1732 20
684 21
756 22
756 23
732 24
732 25
704 26
16280 27
4688 28
576 29
1656 30
1656 31
1684 32
576 33
588 34
584 35
684 36
604 37
1684 38
1684 39
1708 40
600 41
604 42
600 43
656 44
604 45
612 46
1676 47
628 48
1684 49
604 50
604 51
628 52
1712 53
1680 54
604 55
1688 56
576 57
1660 58
1656 59
1604 60
27092 61
820 62
948 63
976 64
948 65
924 66
948 67
972 68
916 69
1812 70
864 71
944 72
67444 73
840 74
920 75
976 76
944 77
948 78
924 79
972 80
944 81
1812 82
840 83
924 84
67312 85
4688 86
1656 87
1660 88
1660 89
604 90
576 91
584 92
608 93
680 94
1684 95
1680 96
1684 97
628 98
604 99
604 0
600 1
656 2
604 3
1684 4
604 5
628 6
600 7
604 8
604 9
632 10
1688 11
604 12
1684 13
1684 14
1660 15
1656 16
1660 17
1608 18
24168 19
4688 20
600 21
604 22
604 23
632 24
628 25
604 26
1684 27
736 28
1684 29
1684 30
1684 31
1708 32
1684 33
1688 34
608 35
1736 36
604 37
1680 38
604 39
632 40
1684 41
608 42
604 43
604 44
1660 45
604 46
1680 47
1684 48
604 49
1684 50
1680 51
1628 52
24168 53
4688 54
584 55
1680 56
580 57
624 58
1684 59
600 60
600 61
628 62
1660 63
604 64
604 65
604 66
684 67
1660 68
576 69
1664 70
1684 71
576 72
1656 73
1656 74
1688 75
576 76
1656 77
1656 78
1684 79
1712 80
604 81
604 82
1684 83
1712 84
1684 85
604 86
604 87
604 88
1656 89
1656 90
576 91
604 92
600 93
1684 94
1680 95
1632 96
24168 97
604 98
576 99
580 0
576 1
628 2
552 3
552 4
604 5
576 6
576 7
552 8
632 9
13836 10
576 11
560 12
576 13
576 14
604 15
552 16
576 17
628 18
552 19
556 20
580 21
632 22
1294448 23
1508 24
1684 25
1684 26
732 27
732 28
756 29
1708 30
708 31
756 32
1704 33
708 34
756 35
1708 36
684 37
756 38
708 39
23420 40
1612 41
1680 42
1680 43
712 44
732 45
752 46
1704 47
732 48
736 49
1704 50
684 51
780 52
1704 53
708 54
728 55
680 56
16280 57
4712 58
580 59
1656 60
1660 61
1708 62
584 63
580 64
600 65
708 66
628 67
1688 68
1684 69
1708 70
604 71
628 72
604 73
656 74
1684 75
608 76
604 77
632 78
1688 79
604 80
604 81
632 82
604 83
1684 84
1680 85
1680 86
600 87
1664 88
1684 89
1628 90
27036 91
840 92
864 93
956 94
940 95
948 96
944 97
1772 98
1000 99
944 0
948 1
1748 2
66532 3
840 4
868 5
996 6
924 7
924 8
948 9
1812 10
952 11
944 12
924 13
1760 14
66440 15
4712 16
1684 17
1680 18
1688 19
632 20
604 21
604 22
604 23
708 24
1664 25
1656 26
1660 27
628 28
604 29
604 30
604 31
632 32
604 33
608 34
584 35
632 36
1688 37
604 38
604 39
604 40
1680 41
1684 42
1684 43
1684 44
604 45
1688 46
1680 47
1628 48
24168 49
4692 50
604 51
604 52
604 53
604 54
604 55
604 56
1664 57
736 58
1660 59
1656 60
1688 61
1688 62
1660 63
1656 64
604 65
1736 66
1656 67
1660 68
1684 69
1708 70
1660 71
604 72
604 73
604 74
604 75
604 76
604 77
628 78
604 79
1684 80
1684 81
1628 82
24168 83
4688 84
576 85
1684 86
580 87
604 88
1660 89
600 90
604 91
628 92
1680 93
580 94
588 95
628 96
732 97
1680 98
604 99
1660 0
1712 1
604 2
1688 3
1660 4
1688 5
604 6
1684 7
1656 8
1684 9
1716 10
604 11
1684 12
604 13
1712 14
1684 15
604 16
628 17
628 18
1656 19
604 20
1712 21
600 22
600 23
1660 24
1680 25
1632 26
24192 27
576 28
552 29
580 30
552 31
604 32
584 33
576 34
612 35
556 36
576 37
580 38
656 39
13836 40
604 41
576 42
548 43
556 44
628 45
576 46
552 47
604 48
552 49
576 50
552 51
632 52
340284 53
1560 54
1684 55
1688 56
732 57
728 58
760 59
1704 60
708 61
732 62
1732 63
680 64
1760 65
680 66
736 67
752 68
680 69
23456 70
1600 71
1680 72
1680 73
708 74
732 75
756 76
1708 77
708 78
760 79
1704 80
684 81
1760 82
684 83
728 84
760 85
676 86
16284 87
4692 88
604 89
1684 90
1684 91
1716 92
604 93
604 94
604 95
732 96
608 97
1712 98
1660 99
1708 0
608 1
608 2
604 3
660 4
608 5
604 6
604 7
636 8
1688 9
604 10
604 11
604 12
1656 13
1656 14
1652 15
1688 16
604 17
1688 18
1688 19
1628 20
27016 21
840 22
968 23
948 24
916 25
920 26
952 27
1788 28
996 29
948 30
924 31
944 32
67420 33
844 34
972 35
1000 36
916 37
920 38
944 39
1812 40
972 41
940 42
944 43
968 44
67336 45
4712 46
1660 47
1660 48
1660 49
604 50
576 51
576 52
576 53
680 54
1688 55
1680 56
1684 57
628 58
628 59
628 60
600 61
676 62
604 63
1684 64
608 65
632 66
1688 67
604 68
604 69
628 70
1684 71
604 72
1704 73
1684 74
576 75
1660 76
1660 77
1628 78
24164 79
4692 80
604 81
604 82
600 83
628 84
600 85
604 86
1684 87
736 88
1688 89
1688 90
1684 91
1712 92
1660 93
1680 94
604 95
1760 96
1660 97
1676 98
612 99
1708 0
1688 1
608 2
604 3
628 4
604 5
628 6
1684 7
604 8
576 9
1656 10
1664 11
1632 12
24196 13
4688 14
604 15
1680 16
604 17
628 18
1680 19
604 20
604 21
628 22
1680 23
608 24
604 25
604 26
712 27
1688 28
604 29
1684 30
1708 31
600 32
1684 33
1684 34
1712 35
604 36
1708 37
1684 38
1688 39
1680 40
1656 41
1656 42
576 43
1684 44
1660 45
600 46
580 47
604 48
604 49
604 50
1688 51
656 52
600 53
1684 54
1684 55
1632 56
24196 57
604 58
576 59
552 60
576 61
632 62
576 63
572 64
604 65
580 66
584 67
572 68
632 69
13832 70
600 71
576 72
576 73
576 74
604 75
576 76
576 77
632 78
556 79
552 80
576 81
632 82
642336 83
1580 84
1684 85
1684 86
736 87
732 88
732 89
1728 90
708 91
732 92
1736 93
680 94
760 95
1736 96
1652 97
688 98
700 99
23428 0
1704 1
1704 2
1684 3
808 4
780 5
784 6
1780 7
760 8
780 9
1780 10
684 11
756 12
1736 13
1656 14
684 15
704 16
16260 17
4688 18
576 19
1660 20
1656 21
1684 22
576 23
600 24
604 25
684 26
604 27
1680 28
1684 29
1712 30
600 31
608 32
604 33
656 34
1684 35
604 36
1680 37
628 38
1680 39
604 40
628 41
656 42
604 43
1684 44
604 45
1684 46
576 47
1684 48
1660 49
1608 50
27068 51
836 52
836 53
976 54
944 55
920 56
944 57
968 58
948 59
1788 60
840 61
1736 62
66528 63
868 64
840 65
976 66
920 67
948 68
924 69
976 70
944 71
1792 72
840 73
1760 74
66444 75
4712 76
1680 77
1688 78
1684 79
628 80
604 81
604 82
628 83
684 84
1660 85
1656 86
1660 87
608 88
580 89
576 90
576 91
632 92
1660 93
1656 94
1656 95
1688 96
576 97
584 98
604 99
616 0
604 1
604 2
604 3
628 4
1712 5
1684 6
1684 7
1632 8
24168 9
4664 10
604 11
604 12
604 13
632 14
604 15
604 16
1684 17
736 18
1684 19
1684 20
1684 21
1688 22
1684 23
1684 24
604 25
1744 26
604 27
600 28
604 29
632 30
1688 31
604 32
604 33
628 34
1684 35
1688 36
1660 37
1684 38
600 39
1656 40
1656 41
1608 42
24192 43
4692 44
576 45
1656 46
580 47
604 48
1684 49
580 50
576 51
604 52
1656 53
580 54
580 55
608 56
716 57
1680 58
604 59
1684 60
1708 61
604 62
1688 63
1684 64
1712 65
628 66
1700 67
1684 68
1684 69
1712 70
1684 71
604 72
1684 73
636 74
1684 75
604 76
604 77
628 78
608 79
1684 80
604 81
1688 82
576 83
1660 84
1656 85
1604 86
24168 87
580 88
552 89
580 90
552 91
628 92
552 93
576 94
632 95
576 96
576 97
584 98
632 99
13856 0
576 1
576 2
576 3
576 4
608 5
600 6
576 7
604 8
552 9
576 10
584 11
632 12
394604 13
1584 14
1680 15
1684 16
736 17
728 18
732 19
1736 20
708 21
744 22
1716 23
680 24
1736 25
712 26
1704 27
680 28
704 29
23428 30
1660 31
1656 32
1660 33
736 34
728 35
732 36
1732 37
708 38
732 39
1728 40
680 41
1736 42
708 43
1708 44
676 45
704 46
16284 47
4688 48
600 49
1684 50
1688 51
1708 52
604 53
604 54
604 55
732 56
628 57
1664 58
1656 59
1688 60
580 61
616 62
604 63
656 64
1660 65
1656 66
580 67
604 68
1660 69
576 70
580 71
632 72
604 73
608 74
1684 75
1708 76
604 77
1684 78
1688 79
1632 80
27064 81
840 82
944 83
976 84
924 85
948 86
944 87
972 88
1740 89
948 90
968 91
1760 92
66548 93
844 94
948 95
968 96
944 97
920 98
924 99
972 0
1760 1
944 2
924 3
1740 4
66440 5
4712 6
1680 7
1688 8
1684 9
632 10
604 11
604 12
600 13
732 14
1684 15
1656 16
1660 17
604 18
604 19
616 20
624 21
632 22
1664 23
1660 24
600 25
1708 26
580 27
580 28
580 29
608 30
604 31
604 32
1684 33
628 34
1684 35
1684 36
1688 37
1632 38
24188 39
4688 40
580 41
580 42
584 43
604 44
584 45
604 46
1680 47
712 48
1664 49
1660 50
1660 51
1692 52
1660 53
1656 54
604 55
1712 56
580 57
1656 58
1660 59
1684 60
1660 61
580 62
604 63
628 64
1680 65
604 66
600 67
628 68
604 69
1684 70
1684 71
1632 72
24192 73
4712 74
604 75
1668 76
600 77
628 78
1680 79
604 80
604 81
628 82
1680 83
604 84
604 85
604 86
708 87
1660 88
576 89
1664 90
1704 91
604 92
1684 93
1660 94
1684 95
624 96
1680 97
1656 98
1684 99
1708 0
604 1
1704 2
1688 3
1708 4
1684 5
604 6
608 7
608 8
1656 9
604 10
628 11
628 12
604 13
1688 14
1680 15
1632 16
24192 17
576 18
576 19
576 20
572 21
604 22
576 23
576 24
656 25
600 26
580 27
604 28
656 29
13840 30
584 31
576 32
576 33
556 34
632 35
572 36
576 37
604 38
576 39
580 40
600 41
632 42
325104 43
1556 44
1712 45
1680 46
708 47
760 48
728 49
1708 50
736 51
732 52
1704 53
708 54
756 55
732 56
1732 57
684 58
704 59
23428 60
1628 61
1660 62
1656 63
736 64
728 65
756 66
1712 67
708 68
756 69
1708 70
708 71
760 72
728 73
1712 74
704 75
684 76
16300 77
4712 78
608 79
1684 80
1660 81
1688 82
580 83
580 84
604 85
708 86
604 87
1684 88
1712 89
1708 90
608 91
608 92
604 93
656 94
608 95
1688 96
604 97
632 98
1684 99
604 0
604 1
656 2
1680 3
604 4
1664 5
1688 6
604 7
1684 8
1664 9
1608 10
27016 11
844 12
836 13
1000 14
968 15
944 16
948 17
976 18
1788 19
968 20
944 21
920 22
67444 23
816 24
816 25
972 26
972 27
944 28
972 29
996 30
1760 31
944 32
920 33
972 34
67316 35
4712 36
1656 37
1684 38
1660 39
628 40
604 41
604 42
604 43
708 44
1688 45
1680 46
1688 47
636 48
604 49
604 50
604 51
656 52
1688 53
1712 54
1680 55
628 56
604 57
604 58
604 59
652 60
616 61
604 62
604 63
1684 64
1664 65
1664 66
1684 67
1608 68
24188 69
4668 70
600 71
604 72
604 73
632 74
624 75
624 76
1684 77
736 78
1688 79
1688 80
1684 81
1712 82
1684 83
1684 84
604 85
1712 86
604 87
1708 88
604 89
1712 90
1688 91
604 92
604 93
632 94
1708 95
604 96
1664 97
604 98
604 99
1664 0
1680 1
1608 2
24192 3
4688 4
604 5
1664 6
604 7
656 8
1708 9
604 10
604 11
608 12
1688 13
604 14
600 15
608 16
708 17
1684 18
604 19
1688 20
1732 21
604 22
1684 23
1688 24
1732 25
628 26
1684 27
1684 28
1688 29
1712 30
1660 31
1660 32
1684 33
1688 34
1660 35
584 36
604 37
628 38
624 39
624 40
628 41
628 42
604 43
1684 44
1684 45
1604 46
24192 47
624 48
576 49
600 50
580 51
604 52
552 53
576 54
604 55
604 56
576 57
576 58
628 59
13836 60
600 61
576 62
600 63
580 64
628 65
576 66
552 67
636 68
576 69
576 70
600 71
632 72
392804 73
1580 74
1680 75
1660 76
760 77
728 78
732 79
1732 80
712 81
732 82
1728 83
680 84
1732 85
1680 86
1660 87
680 88
704 89
23428 90
1632 91
1684 92
1656 93
736 94
728 95
732 96
1732 97
712 98
732 99
1732 0
728 1
1784 2
1732 3
1712 4
728 5
756 6
16308 7
4692 8
576 9
1656 10
1656 11
1684 12
580 13
584 14
584 15
684 16
628 17
1680 18
1684 19
1712 20
604 21
604 22
604 23
652 24
604 25
1684 26
1684 27
628 28
1684 29
604 30
600 31
632 32
1680 33
604 34
604 35
1684 36
576 37
1656 38
1660 39
1604 40
27096 41
840 42
932 43
976 44
920 45
952 46
924 47
1812 48
840 49
864 50
948 51
924 52
67420 53
836 54
924 55
996 56
948 57
920 58
924 59
1812 60
844 61
844 62
972 63
968 64
67312 65
4688 66
1680 67
1684 68
1708 69
628 70
604 71
604 72
604 73
708 74
1712 75
1684 76
1688 77
632 78
632 79
628 80
604 81
680 82
1684 83
604 84
604 85
656 86
628 87
608 88
608 89
600 90
584 91
1680 92
1664 93
1680 94
1688 95
1684 96
1684 97
1628 98
24144 99
4688 0
572 1
576 2
576 3
600 4
576 5
580 6
1656 7
712 8
1656 9
1636 10
1660 11
1704 12
1660 13
1656 14
576 15
1716 16
1656 17
517
1660 18
1656 19
1684 20
576 21
576 22
576 23
604 24
632 25
628 26
604 27
632 28
1660 29
1680 30
1692 31
1632 32
24192 33
4692 34
604 35
1656 36
604 37
628 38
1684 39
604 40
604 41
628 42
1684 43
604 44
604 45
608 46
736 47
1684 48
604 49
1684 50
1712 51
604 52
1688 53
1680 54
1712 55
604 56
1688 57
1684 58
1684 59
1684 60
1684 61
1660 62
1660 63
1684 64
580 65
576 66
576 67
600 68
604 69
604 70
604 71
632 72
1684 73
1680 74
1684 75
1632 76
24192 77
576 78
572 79
576 80
552 81
604 82
580 83
552 84
608 85
576 86
604 87
604 88
656 89
13864 90
628 91
576 92
548 93
604 94
656 95
628 96
596 97
628 98
628 99
628 0
604 1
684 2
